0 0
0 0
0 0
0 0
0 0
0 0
0 0
0 0
0 0
0 0
0 0
0 0
0 0
0 0
0 0
0 0
0 0
0 0
0 0
0 0
0 0
0 0
0 0
0 0
0 0
0 0
0 0
0 0
0 0
0 0
0 0
0 0
0 0
0 0
0 0
0 0
0 0
0 0
0 0
0 0
0 0
0 0
0 0
0 0
0 0
0 0
0 0
0 0
0 0
0 0
0 0
0 0
0 0
0 0
0 0
0 0
0 0
0 0
0 0
0 0
0 0
0 0
0 0
0 0
0 0
0 0
0 0
0 0
0 0
0 0
0 0
0 0
0 0
41.3831 0
98.4541 0
171.705 0
164.713 0
79.5078 0
0 0
0 0
0 0
0 0
0 0
0 0
0 0
0 0
0 0
0 0
0 0
0 0
0 0
0 0
0 0
0 0
0 0
0 0
0 0
0 0
0 0
0 0
0 0
0 0
0 0
0 58.825
0 143.936
141.621 207.856
476.616 236.947
615.079 338.421
305.947 406.329
0 305.113
0 105.716
0 0
0 0
0 0
0 0
0 0
0 0
0 0
0 0
0 0
0 0
0 0
0 0
0 0
0 0
0 0
0 0
0 0
0 0
0 0
0 0
0 0
0 0
0 0
0 0
0 0
0 0
0 0
0 0
0 0
0 0
0 0
0 0
0 0
0 276.516
859.672 264.369
1176.12 190.031
510.133 0
114.56 0
0 0
0 0
0 0
0 0
0 0
0 0
0 0
0 0
0 0
0 0
0 0
0 0
0 0
0 0
0 0
0 0
0 0
0 0
0 0
0 0
0 0
0 0
0 0
0 0
0 0
0 0
0 0
0 0
0 0
0 0
0 0
0 0
0 0
0 0
0 0
0 0
0 0
0 0
0 0
0 0
0 0
0 0
0 0
0 0
0 0
0 0
0 0
0 0
0 0
0 0
0 0
0 0
0 0
0 0
0 0
0 0
0 0
0 0
0 39.1189
0 178.843
419.997 316.129
962.191 631.221
583.532 1025.17
0 778.32
0 285.895
0 126.434
0 67.3709
0 0
0 0
0 0
0 0
0 0
0 0
0 0
0 0
0 0
0 0
0 0
0 0
0 0
0 0
0 0
0 62.8555
167.311 0
105.721 0
0 0
0 0
0 0
0 0
0 0
0 0
0 0
0 0
0 0
0 0
0 0
0 0
0 0
0 0
70.1269 0
37.3221 0
0 0
0 0
0 0
0 34.7973
0 165.509
0 1007.36
1037.98 1441.36
543.142 1661.61
270.684 866.551
704.406 282.81
620.856 206.542
326.258 0
84.7892 0
0 0
0 0
0 0
0 0
0 0
0 0
0 0
0 0
0 0
0 0
0 0
38.0596 0
87.5851 0
140.392 31.3827
175.569 199.78
386.742 490.802
911.528 1022.46
1252.63 1827.4
776.196 2149.73
176.915 1428.1
0 630.284
0 266.08
0 152.631
0 332.155
745.301 227.942
1122.73 0
504.952 0
216.831 0
241.656 0
127.642 0
0 0
0 0
0 0
0 0
0 0
0 0
0 0
0 0
0 0
0 109.017
258.919 92.4745
336.933 93.165
219.284 0
57.5194 0
0 0
0 0
0 0
0 0
0 0
0 0
0 0
0 0
0 0
0 0
0 0
0 0
0 0
0 39.6297
0 60.3065
45.2192 0
0 0
0 0
0 0
0 0
0 0
0 0
0 0
0 0
0 57.7504
0 185.745
0 426.22
0 559.652
0 389.677
0 152.058
0 49.1209
0 31.4728
0 46.0765
0 0
0 0
0 0
0 0
0 0
0 0
0 0
0 0
0 0
0 110.455
293.394 120.636
588.242 0
348.931 0
80.4055 0
0 0
0 0
0 0
0 0
0 30.4438
0 101.893
0 177.706
0 572.263
362.471 924.522
310.576 924.27
165.514 431.966
158.72 0
30.0797 0
0 0
0 0
0 0
0 0
0 0
0 0
0 0
0 53.5321
89.2173 0
119.969 0
182.458 0
139.554 65.0831
76.7006 60.3236
59.1149 0
0 0
0 0
0 0
0 0
0 0
0 0
0 0
0 0
0 0
0 0
0 0
0 0
0 0
0 0
0 0
0 0
0 0
98.8009 0
196.33 0
166.908 0
59.8251 0
0 0
0 0
0 0
0 0
0 0
0 0
0 78.5492
0 195.568
0 357.597
0 402.989
0 258.945
0 92.3519
0 0
0 0
0 0
0 89.8168
0 339.221
94.7015 499.058
92.0795 415.294
108.389 184.598
99.0525 0
0 0
0 0
0 0
0 0
0 0
0 0
0 0
0 0
0 0
0 0
0 0
0 0
34.7038 0
94.1864 0
83.025 0
27.005 0
0 0
0 0
0 0
0 0
0 0
0 0
0 0
0 0
0 0
0 0
0 0
0 0
0 0
0 111.652
257.973 85.359
420.541 0
301.479 0
186.982 211.692
287.984 584.829
312.866 929.88
125.737 877.031
0 504.941
0 236.373
0 251.533
356.398 304.078
734.202 279.746
622.005 177.453
311.185 0
86.7765 0
24.1886 0
0 0
0 0
0 0
0 0
0 0
0 0
0 0
0 0
0 0
0 0
0 33.125
0 43.7446
0 0
0 0
0 79.5056
48.0891 65.6914
66.4548 0
0 0
0 0
0 0
0 0
0 0
0 0
0 0
0 0
0 47.5898
144.319 63.4342
358.332 0
361.93 0
276.24 0
205.959 0
138.375 0
77.233 0
0 52.4651
0 46.1184
0 0
0 0
0 0
0 0
0 0
0 0
0 22.0585
0 124.655
0 257.856
0 277.795
0 156.452
0 51.6055
0 23.6411
0 35.6662
0 50.0176
0 0
0 0
0 0
0 0
0 0
0 0
0 0
0 0
0 0
0 0
0 0
0 0
0 0
48.7386 0
0 0
0 0
0 0
0 0
0 0
0 0
0 0
0 0
0 0
0 0
0 0
0 0
0 0
0 0
0 0
0 0
0 0
0 0
0 0
0 0
0 49.8441
0 88.8086
0 85.2528
0 50.7424
0 0
0 30.966
108.622 0
150.558 0
113.336 0
49.5227 0
0 0
0 0
0 0
0 0
0 0
0 0
0 0
0 0
0 51.552
0 151.346
0 228.716
0 213.466
61.3444 104.359
74.8393 0
0 0
0 0
0 0
0 0
0 87.2259
0 176.879
0 235.37
0 242.115
0 197.064
0 138.054
0 124.703
0 151.402
0 175.344
0 152.497
0 87.8898
0 39.4761
0 0
0 0
0 0
0 0
0 0
0 0
0 0
0 0
0 0
0 0
0 0
0 0
0 0
0 0
0 0
0 0
0 0
0 0
0 57.2901
0 66.7006
0 41.2021
0 0
0 0
0 0
0 0
0 0
0 0
0 0
0 0
0 0
0 0
0 0
0 0
0 0
0 0
0 0
0 0
0 0
0 0
0 0
0 0
0 0
0 0
0 0
0 40.9068
0 34.024
0 0
0 0
0 0
0 0
0 0
0 0
0 0
0 0
0 0
0 0
0 0
0 0
0 0
0 0
0 0
0 0
0 41.0045
0 96.6506
0 115.917
0 76.7006
0 45.3546
75.2088 0
107.399 0
80.826 0
0 31.6062
0 0
0 0
0 0
0 0
0 0
0 0
0 27.0366
0 0
0 44.4032
0 0
0 0
0 0
0 0
0 0
0 0
0 0
0 0
0 0
0 0
0 0
0 0
0 32.0659
0 99.2836
0 168.904
0 180.861
0 131.226
0 86.3096
0 74.8389
0 64.5515
0 53.2527
43.0537 0
0 0
0 0
0 0
0 0
0 0
0 0
60.0916 0
58.9971 0
29.5889 0
0 0
0 0
0 0
0 0
0 0
0 0
0 0
0 0
0 0
0 0
0 50.1307
0 63.1534
0 66.35
40.7461 0
0 0
0 0
0 0
0 0
0 0
0 0
0 20.9624
0 36.2619
0 46.149
47.8133 0
0 0
0 0
0 0
0 0
0 0
0 0
0 0
0 0
0 0
0 44.2386
0 43.2259
0 36.3325
0 0
0 0
0 0
0 0
0 0
0 0
0 0
0 0
0 0
0 0
0 0
0 0
0 0
0 0
0 0
0 0
0 0
0 0
0 0
0 0
0 0
0 0
0 0
0 0
0 0
0 0
0 0
0 0
0 0
0 0
0 0
0 0
0 0
0 0
0 0
0 0
0 46.4999
0 73.1124
0 71.7382
0 51.1943
0 40.4831
0 40.027
0 37.2003
0 41.2846
0 56.5013
0 59.2295
0 36.9827
0 0
0 0
0 0
0 0
0 0
0 0
0 0
0 0
0 0
0 0
0 0
0 0
0 0
0 0
0 0
0 0
0 0
0 0
0 0
0 0
0 0
0 0
0 0
0 42.195
0 41.7368
0 0
0 0
0 0
0 0
0 0
0 0
0 0
0 0
0 0
0 0
0 0
0 0
0 0
0 0
0 0
0 0
0 0
0 0
0 0
0 0
0 0
0 0
0 0
0 0
0 0
0 0
0 0
0 0
0 0
51.9099 24.4779
67.7058 0
47.3586 0
0 0
0 0
0 0
0 0
0 0
0 0
0 0
0 0
0 0
0 0
0 0
0 0
0 0
0 0
0 0
0 0
0 37.2506
0 41.4862
0 38.3608
0 0
0 0
0 0
0 0
0 0
0 0
0 0
0 0
0 0
0 0
0 0
0 0
0 0
0 0
0 0
0 0
0 0
0 0
0 0
0 0
0 0
0 0
0 0
0 0
0 0
0 0
0 0
0 0
0 0
0 0
0 0
0 0
0 0
0 0
0 0
0 0
0 0
0 0
0 0
0 0
0 0
0 0
0 0
0 0
0 0
0 0
0 0
0 0
0 0
0 0
0 0
0 0
0 0
0 0
0 0
0 0
0 0
0 0
0 0
0 0
0 0
0 0
0 0
0 0
0 0
0 0
0 17.496
20.386 0
0 31.0693
0 33.5872
0 0
0 0
0 0
0 0
0 0
0 0
0 0
0 0
0 0
0 0
0 0
0 0
0 0
0 0
0 0
0 0
0 0
0 0
0 0
0 0
0 0
0 0
0 0
0 0
0 0
0 0
0 0
0 0
0 0
0 0
0 0
0 0
0 0
0 0
0 0
0 0
0 0
0 0
0 0
0 0
0 0
0 0
0 0
0 0
0 0
0 0
0 0
0 0
0 0
0 0
0 0
0 0
0 0
0 0
0 0
0 0
0 0
0 0
0 0
0 0
0 0
0 0
0 0
0 0
0 0
0 0
0 0
0 0
0 0
0 0
0 0
0 0
0 0
0 0
0 0
0 0
0 0
0 0
0 0
0 0
0 0
0 0
0 0
0 0
0 0
0 0
0 0
0 0
0 0
0 0
0 0
0 0
0 0
0 0
0 0
0 0
0 0
0 0
0 0
0 0
0 0
0 0
0 0
0 0
0 0
0 0
0 0
0 0
0 0
0 0
0 0
0 0
0 0
0 0
0 0
0 0
0 0
0 0
0 0
