0.375608739265817 0.29465592608897
0.840396951257274 0.0211675295305011
0.83022717583555 0.841834964380908
0.617723753188386 0.653765062580471
0.762416352820334 0.881893990565789
0.184325035800431 0.015716239274757
0.465708496375726 0.853325420337449
0.374225343677863 0.599437017873776
0.790178911782536 0.810399186228291
0.455318344121647 0.777296588869713
0.539045082565057 0.112255525841752
0.727624797983525 0.838773639232937
0.937758894504182 0.353611461970783
0.479729493569326 0.61410038741634
0.812191598623949 0.282231738924666
0.117607107837614 0.176398734820223
0.0722723872780787 0.935390670809036
0.0490239628040823 0.772976582771461
0.332461028053969 0.701987732716738
0.914670481985269 0.823280276252825
0.588895962832868 0.0106892344133747
0.37058507337603 0.968194552667289
0.695588849869007 0.115272800398506
0.994501874592314 0.821889988959648
0.23880048854885 0.03734229172475
0.67351691106538 0.00501551423007585
0.782966522080901 0.487415901519462
0.543802246009154 0.329281763351002
0.253072648940344 0.850551045619635
0.879777751301872 0.266006726154664
0.605027101466487 0.215607460601127
0.621555474745747 0.411193076329178
0.0780198969042123 0.420843619556936
0.711785716702312 0.336171440691387
0.696172800566469 0.0568648126636462
0.105158388095739 0.75278909113757
0.325105659578945 0.107265072336463
0.632477981829199 0.247146651077034
0.179948172271516 0.126214879257615
0.550737694785618 0.451521426788978
0.46374616853751 0.954486888446417
0.728499251473528 0.0786971202745993
0.396716918968157 0.887402282769574
0.476872113728567 0.806845567861106
0.848511391006352 0.979570046388294
0.270531156375549 0.886485136126694
0.352542710046927 0.166943339962047
0.0190742508330195 0.985571893045098
0.810819342971225 0.336225871317442
0.280161986114155 0.765956268347502
0.48492153364653 0.348267655920843
0.576303909744776 0.106577363834848
0.566678822236755 0.0836720422941635
0.120097061695099 0.156267741800521
0.332806412396651 0.451596103938265
0.514732069047391 0.582375985210843
0.804659973275491 0.803669387561826
0.0534403215023219 0.371675214399082
0.0545761692009656 0.434721282585423
0.505995663341206 0.271429683792959
0.26787466403075 0.545379043572005
0.922111435934051 0.685870607491144
0.645520706347631 0.215063775220589
0.480278881787191 0.957924824403886
0.299980008447475 0.521403897909572
0.783890726797936 0.77254842283137
0.0471927137731445 0.0428354991311486
0.609775439726393 0.371586742299135
0.0938786761297915 0.277087811228327
0.261997512240282 0.308081472525124
0.929132550025148 0.637840326229953
0.752616417126647 0.219628933565052
0.0075694422498086 0.816387358451827
0.130281186000153 0.797125575761748
0.807879754424483 0.00631265036590467
0.262126515016568 0.176970491862018
0.816781550178097 0.825093066987139
0.853728516674669 0.415587424531239
0.187329271684771 0.93731702638375
0.224145554832693 0.664001189329311
0.83495979282074 0.616157362687352
0.222790221570749 0.909913864548702
0.617017026417015 0.137388683176374
0.505883581334295 0.56686380803568
0.266431425993183 0.324071200350944
0.673504207361826 0.606024930370502
0.054769206761991 0.542006291693138
0.398239947738636 0.403756073851113
0.642434435639486 0.168392426804237
0.234521271144409 0.369294789809617
0.749881321143898 0.740201845602523
0.948946860559981 0.0880124745272648
0.35893969072682 0.49153363252838
0.814893818694001 0.98873557015348
0.659085877911643 0.967690132024609
0.483238002078046 0.888820441050916
0.144446182698485 0.438718234512353
0.73455289633879 0.628463040468047
0.0585552892952012 0.0724634193170163
0.227574579448617 0.274459570219821
0.275461466360711 0.398823605966385
0.524523656869839 0.238901852245584
0.093407015584411 0.546609892731665
0.319731738446929 0.182329812063599
0.608522178677253 0.376955142111545
0.30838305361156 0.464462020900334
0.110997758616034 0.0419363624477903
0.282613660694419 0.245037598763098
0.504577661257803 0.818668878888838
0.309824231122912 0.270387809479645
0.496353115895655 0.190399118362063
0.064175741040623 0.338405050648415
0.325021688899197 0.843293620603436
0.416237148698303 0.728200311858846
0.680390520192871 0.0889654784645499
0.617911559464354 0.711976501755809
0.36283004556974 0.9827713269912
0.936268518204041 0.9879761517283
0.431191240526377 0.646698219358484
0.293836035619796 0.888296123293725
0.726093188928608 0.789644739287235
0.105236784670878 0.924652595838459
0.781640897982632 0.886437916202068
0.00323122777078855 0.536084720122042
0.444368926480485 0.185835182029365
0.830327554448271 0.62628856110922
0.591900848667256 0.614438498818835
0.97646916887129 0.591222145399196
0.623623026709336 0.385866668986177
0.248053589310077 0.59716590850581
0.132469784385943 0.0334115135319301
0.907611329508012 0.574401323350607
0.0577917973073749 0.240227863710446
0.17106485702369 0.621873251650969
0.633589992544328 0.29670755111113
0.509991080789007 0.731732501552512
0.137268823217665 0.383736830082419
0.0418771995196893 0.485716291692052
0.584433631897256 0.23714687625398
0.864447729225596 0.182399850022974
0.198590514550579 0.677922453297614
0.334066897421216 0.550141960902919
0.398593576404504 0.951446744456941
0.695130406572232 0.726070328688947
0.236565965669376 0.604673071751348
0.396768327985328 0.398956989158416
0.753951200674785 0.770268387163426
0.109689491286652 0.538644881977925
0.553665323454476 0.31861931820129
0.850181960005196 0.352417321214414
0.436312247424309 0.839832756721163
0.39924021820861 0.368909955552892
0.373865068357889 0.0403340486995328
0.659687949035181 0.863905612323181
0.0921902371989604 0.291103164946495
0.63011610527129 0.939050578788486
0.864001622044488 0.584425293185361
0.0717312886114092 0.185520363131423
0.835262859514793 0.539681161955511
0.445550182651243 0.679277329494389
0.972216497710905 0.80284639026515
0.0432814198261352 0.83556735840065
0.890939277495709 0.884235433405918
0.368675745955638 0.859722591054513
0.251963304066211 0.547247744032319
0.648371949991429 0.493391116103764
0.177596868426843 0.307655536076307
0.370984454115203 0.7415621520373
0.366438990498327 0.733767688062956
0.575684632921582 0.822682610669857
0.416957731841593 0.324673396354235
0.460330050275895 0.924166443507024
0.472072525810174 0.863399914899145
0.330771053068441 0.971361440943174
0.453794505463982 0.867263442569007
0.402770749238778 0.0959215066060359
0.256477658658423 0.438345432587111
0.226478743445726 0.123749044145018
0.564055019472781 0.659558065370601
0.62307459528807 0.318925381782101
0.651600406282433 0.0786313632571275
0.622349378429741 0.209873613600461
0.699945068012426 0.339499439019409
0.969489689540154 0.679372284298005
0.434451357992669 0.515612196971044
0.859402784110257 0.802401349898073
0.43089919239384 0.798575730537876
0.865655136902717 0.286790377866792
0.634522236245879 0.0519142944953315
0.540481584655257 0.830630860743053
0.54664912134512 0.146543261363175
0.942442862555769 0.629179096024332
0.687713309599071 0.0445458265635899
0.705315819624488 0.642702538620979
0.922948748557073 0.685620104672505
0.164363765427912 0.770069649946056
0.332554621910898 0.00878527368938375
0.317394338375296 0.285754170315473
0.231263887374005 0.234593119553808
0.206319948733443 0.103043795193376
0.477783630972347 0.188030379365672
0.986008702313264 0.383591261249525
0.5368748894944 0.296399018851137
0.341464118632186 0.80872390638057
0.549108720008218 0.692934162058096
0.253107383228699 0.906713060491412
0.373356322802533 0.44243027243701
0.381397782262685 0.0204209372983477
0.963869162518097 0.260624471481912
0.916422136299283 0.827580949098494
0.216663434057318 0.0549379737021297
0.824291269172488 0.303037504568082
0.868041214178513 0.412370982948297
0.389434860005355 0.878432325267126
0.263346113113536 0.0504681131354607
0.545089879240358 0.477153097647362
0.651235451350781 0.770852671754224
0.566108112257745 0.95804963188828
0.237168176025368 0.0229639737115751
0.0938403096395258 0.0887739594633024
0.76835381570736 0.347294606665398
0.36864128469974 0.640825874372134
0.896243643333949 0.347870285116409
0.977682721850988 0.694202390311693
0.0189023787088889 0.167501779305198
0.25799653573053 0.251632081835075
0.36672364918367 0.637820881232748
0.283022882009333 0.0960846895787869
0.832883306854749 0.783872058773579
0.787670174463415 0.250913916168128
0.700216669746979 0.118368944590422
0.579316273134493 0.714295541955501
0.61155155434861 0.675859704294604
0.0368969360575536 0.549930248028486
0.415819416812417 0.898551652824922
0.190614790360894 0.698408933322971
0.48118762274206 0.518150671045521
0.0874224672140973 0.404921191352081
0.945851553927176 0.32440279679934
0.254124105373716 0.900995337370446
0.995591729684632 0.504582480699814
0.885355283451309 0.0926720519945607
0.915742724716491 0.244627928150209
0.910228278791116 0.442051147550969
0.175615530493228 0.0857974460682086
0.454702135498673 0.181462137875028
0.289702634386149 0.102159191984128
0.269590088994894 0.502563760577873
0.637176991563314 0.317342493385822
0.190411055020484 0.596304951493157
0.443263377451423 0.21344885822923
0.0692396400859056 0.169684428435998
0.971453222250861 0.263626988517895
0.1936424322365 0.440793329445756
0.725613765050999 0.0689126443891972
0.68250471520777 0.0263485284961725
0.500484638312862 0.176450837784211
0.454885716097875 0.983811430926154
0.00989227025138817 0.802841943656768
0.759510645703071 0.965359361931612
0.146791926562209 0.449535063904894
0.0500876219056873 0.271600828274222
0.443575350034739 0.612812538311086
0.272213264354882 0.626565972844227
0.502761389945888 0.459233229327443
0.757940206601778 0.568329639876077
0.762760625309183 0.470938121204284
0.912366961827571 0.425067813206035
0.76300234353057 0.835023565239521
0.308659418589944 0.889274219072836
0.221364481051428 0.0983782614425616
0.155938508075696 0.780405329975534
0.10908553966463 0.74582883976705
0.0420649388144433 0.0356558129187905
0.0201158757964638 0.907847253592204
0.619985835087604 0.91379015405353
0.432427855744832 0.878125346878335
0.610108845783603 0.238472127672542
0.661702605271902 0.606255194325871
0.0208146209538794 0.54778029018681
0.365465809480978 0.563620042522821
0.583337638844048 0.739389879324714
0.606053996731981 0.693495030983503
0.0427226213435578 0.787172360175673
0.95764314872245 0.748294996132459
0.496489034239603 0.727392791458455
0.814793885144995 0.660831657981714
0.464460496340947 0.735651833126048
0.478038183802344 0.684407605285561
0.472307134786438 0.854625064525066
0.107827443581239 0.019156858937958
0.907701637874225 0.911113305712537
0.156388720233875 0.458327467946381
0.922081849780945 0.564851572965827
0.450698557813978 0.169789956938999
0.217371210741987 0.304937893846491
0.102218381252583 0.448425215694227
0.515585453847178 0.918943117470559
0.893887566136448 0.404005862279392
0.277522129425557 0.823773570226472
0.719483898213552 0.505577052823465
0.830860391821879 0.408362892069587
0.433799276776628 0.768125629232328
0.796613679911332 0.376820963020144
0.691954333292645 0.23132794937568
0.161463321311064 0.418217493071727
0.813643895311442 0.284672063036861
0.612029098844963 0.812111285024259
0.802230125496207 0.310803511449313
0.70880822123119 0.412807329922295
0.102520188081045 0.897014991104855
0.509125529108233 0.907384622256799
0.295196694371562 0.894369528988461
0.437620816672911 0.0727648916012208
0.42752960972425 0.660381319477599
0.761445408281004 0.667859075358433
0.141072360719328 0.412168140450806
0.167400432591147 0.787132721734785
0.405475546512771 0.933993788758915
0.661889962585854 0.275464256173974
0.34395658442408 0.546566767857062
0.748982794979971 0.0191305123187184
0.876645216300456 0.205266777205011
0.0574525515035531 0.00792875982846342
0.0837751793497694 0.529979990535526
0.64047556975845 0.0556939137633249
0.105798294882597 0.142000047237605
0.515313154635478 0.264209593552594
0.295071597854949 0.186408999504084
0.639502526359484 0.281471400864953
0.00473570396328682 0.0947480245471547
0.737799984409805 0.761176376459985
0.749075086083127 0.747862727012028
0.442202696309791 0.669793113451469
0.888891948764234 0.815655602934966
0.165370430715848 0.388374452987339
0.355754528271719 0.533626899702154
0.264984932420947 0.796193192172147
0.653907948381424 0.955292288977012
0.434863164667948 0.629529651765883
0.385483449867112 0.549597381348338
0.152536257233652 0.11760448330375
0.85443492555664 0.162812727901351
0.605833184890344 0.391140476906723
0.279262437599724 0.0703273909022183
0.61426514064738 0.165254777567107
0.15689383398866 0.702476050172653
0.40106971862227 0.678224967930737
0.19219102723882 0.112353059919082
0.0467162055234104 0.961774646943987
0.914564652631255 0.677277957622357
0.881359178191661 0.400019806529006
0.00247701331587724 0.382299330285536
0.31371060586622 0.529772223440057
0.718209962654245 0.334375855472522
0.383648487587835 0.623948305926354
0.916461050400782 0.231952938599076
0.540652015624173 0.293520792924415
0.627131235755909 0.84358398542555
0.00135711666153027 0.530923442164392
0.593948545483142 0.52721000261634
0.119170457237595 0.903161604117623
0.625334188385736 0.720528688088443
0.328283511497731 0.14371299930037
0.880357736181462 0.42791951640137
0.682119065466476 0.528776432223893
0.927424056209551 0.310215778112332
0.0988266253371531 0.814910999660747
0.212793119778476 0.0621882358281947
0.264578897151732 0.360398703806521
0.104374499961542 0.571594099047243
0.607017057147599 0.764739542984788
0.417870876709265 0.935820016655758
0.700142321040526 0.02322825695289
0.865186710961354 0.680619383706594
0.468232075435202 0.744490147781659
0.742977963090343 0.617197642119132
0.897943021599067 0.868331362872131
0.2080061948757 0.795763243224417
0.630674326441015 0.434598672853408
0.746707004678019 0.0340628839479427
0.775013475710109 0.671619684348451
0.718977740102346 0.127983892128157
0.427791583135048 0.880645352459244
0.751102470791907 0.973654382524894
0.778961537412032 0.230298143430852
0.123867818243647 0.732156351419114
0.287877327620541 0.608002402556179
0.725377742420934 0.705423321465731
0.986115367622213 0.675147635603202
0.483992852764554 0.825534242783638
0.147669448450329 0.0957146440317406
0.656477704254854 0.341833790373676
0.195225611095757 0.867280237659565
0.65644415792435 0.133545832709354
0.86509847822017 0.21583485123788
0.446541052094091 0.98806056259862
0.0261987264800463 0.190777266384773
0.528716627496423 0.128721233251036
0.234307194799186 0.0911732330909782
0.859980523952835 0.508821320469353
0.0944680026226614 0.77177365436729
0.669291403585148 0.722765881306728
0.308775704775587 0.189025407320375
0.13567088823915 0.978715292071769
0.600045622236288 0.713852621208135
0.925539559506688 0.141350603427797
0.623172065903488 0.684483943419811
0.705781481153863 0.19629807664366
0.489432750691864 0.354529300671461
0.634514574355524 0.638725121718191
0.709287478282161 0.804766848443196
0.775136835571896 0.720992093227937
0.348690963757461 0.526215111452182
0.194104467052562 0.240639235282213
0.756864073453528 0.854750340829186
0.0816324307928408 0.788389028411517
0.520329365064065 0.342050767789483
0.699287224573168 0.441748348980544
0.287881008351869 0.747284096630951
0.375555555499668 0.109718450122269
0.24020861088633 0.883094015224811
0.877565017426294 0.178140149884284
0.0372975968112041 0.262162787581589
0.492098124309367 0.397832139720697
0.382122002820503 0.88075480754131
0.0847549183034196 0.393443732188253
0.763952201824308 0.254930161038223
0.674778528891066 0.968612857054172
0.750397392776165 0.543527510582886
0.783444403416015 0.697001493098398
0.584847954521669 0.30502396584756
0.399283669869302 0.917247098589045
0.310509025736265 0.0349604824735769
0.446671267119561 0.574302726930647
0.625941886598261 0.0857818711278308
0.96337621446875 0.437634219195676
0.708671599311092 0.590644745212103
0.157394523301826 0.281424462581894
0.0587432808777145 0.29700252360055
0.688978969357521 0.621435944571696
0.340381607232176 0.380001085788833
0.366703964117017 0.938493844721164
0.763007611727044 0.249808794614539
0.797321474019694 0.556010588771993
0.839193663322909 0.484975865157286
0.769614272409016 0.0278738502396438
0.151515217523375 0.0921180358900778
0.664914451679969 0.947360138765193
0.251521954147386 0.400854749165803
0.345059689439096 0.822353396910842
0.67141730408134 0.39419825923119
0.827956045107394 0.268862729459954
0.942191427402966 0.5818290586441
0.313950604208718 0.0471071374452544
0.862552760803566 0.330401894991357
0.71330987861761 0.820773734361627
0.672134665991743 0.0485312461783142
0.106059850957242 0.658363266109648
0.653656841316891 0.521125564600114
0.358905764168495 0.714197044289611
0.359456158655466 0.277553759405864
0.56886532041711 0.122678836030313
0.400175956074353 0.972701446005424
0.428575431144503 0.333900327469664
0.135498070523832 0.606295117704609
0.594684220789308 0.660075721588074
0.213945066838051 0.163488751609622
0.256063508686444 0.172851896429874
0.71583728835834 0.462065784505661
0.905572914186638 0.126691055462751
0.763855365705917 0.275697284091325
0.39595256148786 0.135509572377136
0.836598512309492 0.668341606435039
0.91079827588958 0.179999759337194
0.841130544003086 0.170275304606708
0.995873225543262 0.828326683198717
0.719480639004843 0.486125279427187
0.0231845489087676 0.0955065422675605
0.708001513875649 0.130052482870427
0.778863618085413 0.899938443916176
0.0588423880410855 0.952658422990568
0.534879134122874 0.706838645406182
0.384185889263869 0.0784993549823861
0.955812155275557 0.708070222890195
0.911759686693943 0.0487954180749557
0.745266067679527 0.511152532893815
0.624261976599681 0.111258017210682
0.422083564777001 0.152868518778242
0.833639867061055 0.568145511737603
0.891482051978707 0.3362098874507
0.233463818399308 0.714517555911639
0.387448468252927 0.298932739990675
0.26030418285877 0.855609891674118
0.697394165495769 0.387706087258923
0.417729482466628 0.198066018145893
0.964987553509575 0.691370160111716
0.454084661350362 0.812736836816845
0.223165358178002 0.335956349772632
0.522545686562444 0.52037785572016
0.454693300371017 0.0936165211435128
0.856728896614206 0.0270478996833904
0.308976269479278 0.0352918163588559
0.664562734862225 0.126085729736627
0.80944034595044 0.507456843001688
0.585609639850014 0.0357776689402616
0.134652909144429 0.9047363462515
0.0326958329373893 0.403799897735124
0.613129422766079 0.206574600321671
0.68597069240517 0.280838791299214
0.198963966120005 0.465528510600686
0.336682531192928 0.221514859164298
0.471440167040184 0.0907599190873097
0.720703782361709 0.697559411009447
0.990614483057835 0.893697271966332
0.979665397977282 0.789939695874534
0.832567608648724 0.390331074423341
0.829020364854084 0.722712687004519
0.934245386473444 0.570670832150006
0.552916829807686 0.0704916370980471
0.641489792472315 0.942968769832355
0.587318736795575 0.148803940572058
0.630495237294454 0.494524117174219
0.517792849256221 0.0874600712512881
0.892545564023072 0.219258290719987
0.486337540930181 0.640226199494347
0.603701076355199 0.104113978802554
0.863999933469191 0.403169928751582
0.694086568057637 0.758026001441127
0.123176152980898 0.524480349192188
0.838569323999867 0.385328440423723
0.32794953014093 0.452835608568135
0.613546288710337 0.914267754415602
0.817190011506635 0.23489608357905
0.25241845234862 0.477569938579734
0.79843233832722 0.871435091393822
0.229269113045442 0.00638431364905534
0.566850273587621 0.44336385147912
0.158806237515193 0.540816423537542
0.330796082848535 0.0464999229363118
0.323514585538781 0.876224338215687
0.126776714632691 0.68803690134231
0.895747583093943 0.165042526322945
0.437818124426235 0.330913775126462
0.458782552194643 0.111276950028272
0.457993441192454 0.115821608572432
0.382502252257629 0.0370430706814074
0.564431313637176 0.77017383232541
0.39429186897949 0.543380012495519
0.75260378625703 0.415755174839036
0.464227200936176 0.812552634618069
0.428515688271734 0.0529574245971431
0.153118107116102 0.162269871396371
0.925858422346957 0.382790518151003
0.234911833941657 0.504055451317597
0.30520492431082 0.717772499522095
0.145131868333458 0.339010888357891
0.788308355279143 0.0150985174715218
0.9067670839269 0.452442582037569
0.586630748553233 0.848360626044082
0.735780345217713 0.406717129735023
0.303600742056874 0.546990035696317
0.937913751144796 0.164830353630191
0.80132877609565 0.207317178100269
0.357316755672583 0.636702505750361
0.51069753554542 0.161969629141008
0.399149350544132 0.1009336088992
0.578209157401831 0.703036159803319
0.0154248348221943 0.0126376147953298
0.253812798759583 0.456327445932731
0.0512125392658903 0.468148643369229
0.917686471165493 0.36231595937429
0.424219176513955 0.180899377808554
0.226008331067823 0.950390718011088
0.0196669777013749 0.0839689733394018
0.135045323973992 0.99873147175062
0.577775805037941 0.729572724594464
0.445792201035746 0.166897832521473
0.949978358962557 0.847528353323154
0.597418775009323 0.925446019631505
0.858248486758701 0.383740383312841
0.0510653036095938 0.387418239066257
0.948280834046572 0.997538979248684
0.054924976763719 0.034513573445854
0.00538669506985356 0.579312928689635
0.84283537107177 0.0582776735528535
0.10739976569338 0.887297189934491
0.690028670238215 0.815061013996789
0.534953396320765 0.757270456725218
0.452127843191485 0.897253999386072
0.459482546394477 0.822790408345285
0.493475809025917 0.00973061798502006
0.0968664772693079 0.366922804727128
0.0698622460183147 0.418581950636342
0.504583900390512 0.605946213336018
0.40240897488173 0.568285538384902
0.278652262145542 0.709033474030527
0.898931206354896 0.869248523583186
0.698090861980747 0.789284547268259
0.77150988731954 0.159807901397826
0.226398223421963 0.148000256376764
0.301619181869009 0.985166559605401
0.975452065585412 0.452105387817906
0.89375491341751 0.323369132992967
0.968344947829796 0.944291526999616
0.528063627631715 0.410171038506013
0.732900801400011 0.360676508753662
0.526971003287426 0.174709952159936
0.934961537832568 0.00915056544103543
0.371746387740037 0.690284788649337
0.139606401072604 0.620198367119594
0.702803907576418 0.0327091398836301
0.507944532860018 0.898836784913843
0.987419736522826 0.530711938094607
0.611561821267673 0.377544001643827
0.942407817672649 0.969695769294706
0.576685240840839 0.86160521396843
0.0312531865922152 0.876116561106127
0.133010108759186 0.0894162114652038
0.0758709913267753 0.737105072451473
0.775133058954937 0.568504070158934
0.955753386128425 0.422407830230885
0.319574732251907 0.724886907145279
0.202754015850395 0.852881982780694
0.492361860966158 0.339138506714859
0.807256111105663 0.843745947534932
0.0341493760580257 0.680065203561218
0.0717650537223301 0.289189072655762
0.342386498173089 0.0327663485364799
0.649807806223863 0.305414813583922
0.446272160541019 0.659502164827599
0.955431066438338 0.267012453888521
0.435719360006804 0.655196001774799
0.361201905746557 0.24981641570006
0.643224102037949 0.711561610155718
0.761165091527865 0.393177933808692
0.0928393283521586 0.800872589968932
0.633907084747209 0.568471962916486
0.418067647104669 0.797133362074621
0.318499156759283 0.457399648080794
0.907380810127284 0.499074074973409
0.337394927928599 0.547464648049015
0.13656015748101 0.93995283939202
0.951791306072051 0.72944991712442
0.652767089442542 0.925597944053578
0.955970465211007 0.43977919446799
0.728578363759853 0.0367845818210237
0.920452679816673 0.70182005026738
0.462836325441851 0.520481702351338
0.972966578378569 0.386155231206284
0.218687084287512 0.206409357002157
0.333682785418054 0.234529901435155
0.670177741246388 0.972270241887472
0.512966746544025 0.395030490617755
0.36979484654632 0.702076215064453
0.0880542687367802 0.798222015273742
0.192524721476332 0.954542008641813
0.392783827180595 0.775937005184676
0.395958081658863 0.427534198330277
0.269893496192342 0.432975498711117
0.238804039326937 0.499094799409252
0.467388782762563 0.23935719184516
0.988901903579784 0.669861291708261
0.366659396875551 0.355707067128306
0.526137585292616 0.940394175592684
0.128048531039656 0.30611605862323
0.757364720750719 0.0522618915252857
0.663038654404275 0.580370235697699
0.412938786585484 0.927895361846864
0.851713582633655 0.164141324872094
0.265077109802078 0.831502025522007
0.430654445958578 0.30902038278194
0.594877012943363 0.411194847574822
0.442214495286765 0.302046704848799
0.981829061760072 0.562177123858214
0.46637404660679 0.512803416667587
0.401119929286655 0.795175522485345
0.255507058431048 0.57887491509498
0.305304845162737 0.876620754274501
0.544130439886197 0.758129264219313
0.934154114640072 0.296555174141171
0.965293968085988 0.772658313309131
0.562457132020573 0.371199793906708
0.560262961240943 0.146377351031561
0.689275603545623 0.276928479663479
0.505885156869074 0.0496342718229802
0.929091263406551 0.523712737110602
0.0611939042760469 0.896445525262378
0.617193794664128 0.711168140316434
0.210097731178012 0.545506821788837
0.907415258175993 0.469460292747933
0.110799210173649 0.369203658859155
0.540175602078837 0.271168628795006
0.804280006840098 0.609617220641831
0.465538145257515 0.579852072827469
0.352851412641541 0.865757616653884
0.910843828268259 0.582558751494075
0.526216583245306 0.540390818318089
0.613676215087127 0.37654813291443
0.274389122110305 0.936652861659289
0.685926946823765 0.991280061626095
0.55028123633202 0.281302827003917
0.248960411850156 0.993231908687966
0.0614173185989466 0.268226994530608
0.271544950626606 0.662312662701026
0.481227887063484 0.30965026054389
0.540088385796905 0.272464579101496
0.178593678070294 0.321334228206233
0.318328656479574 0.157075186090642
0.375788495909641 0.726788551741433
0.571998059911317 0.598554330632463
0.237221815705786 0.00780543941835343
0.220620353220182 0.463941414740637
0.878614260561858 0.740033830550086
0.96450424117435 0.377949031627608
0.0261909836956155 0.0652381250367738
0.120932145463835 0.962891634345873
0.820477896101739 0.205279267986365
0.979929156776249 0.941869745033574
0.965812241441067 0.626053474100831
0.127917336378727 0.518120307198849
0.376976535174505 0.192120168755595
0.404198313811569 0.301957884631846
0.951814364728542 0.939951484459121
0.0485760353144056 0.488857903652256
0.539673135378034 0.555014020682749
0.374807098112188 0.579765033723857
0.345501820132561 0.77904485636647
0.396078450804099 0.282794587920821
0.754000163446406 0.0175542041550333
0.0334228528172568 0.778112595513395
0.71011171792408 0.0650027918020465
0.853373582910163 0.363448512982549
0.472452405740632 0.361625960733141
0.0452687056771498 0.526241223436394
0.137330655317421 0.31233646394822
0.66567938954479 0.295121930482233
0.797419039080564 0.528537884525785
0.454839036240078 0.508720687506838
0.399514120114084 0.831185958771884
0.257547725792891 0.417319713816267
0.0691395145893374 0.954357888570263
0.993403064115204 0.960861010708297
0.0146268673564708 0.00797927049591285
0.805706792630271 0.13191766914723
0.318666779525767 0.435481458119301
0.671875182242675 0.286941709152791
0.0438668851651141 0.591710305705783
0.55048765543336 0.108784522536664
0.650028889424862 0.603438595817085
0.192692463100818 0.111630306180209
0.858587922039329 0.4168678897905
0.298326041725576 0.981264889415892
0.852349224705448 0.847815884773734
0.153845787890734 0.70828105064622
0.22066895899497 0.955037634098059
0.705683324505467 0.0951460311564275
0.992363580331873 0.290949667399933
0.0386678912108507 0.681749004875379
0.309099647822604 0.314474466700203
0.996624428275795 0.11410962248906
0.325023159561475 0.864182611673721
0.849835312374025 0.218224786097141
0.804270296593584 0.483526566404324
0.375425551682366 0.832572385463809
0.246572490443903 0.0799880399653841
0.665655448947842 0.862765618709186
0.337073552283342 0.564865801068741
0.289047612883271 0.658923094358088
0.47848406103018 0.383727562755881
0.790626949866329 0.11574787339559
0.973327009194416 0.06691639586011
0.776719381345303 0.889969956458763
0.135565026006378 0.0956903783870096
0.923101609931744 0.0432398964961848
0.989849778346602 0.249333088095478
0.259693464961338 0.716766024363056
0.689224420329991 0.51239149137327
0.463625292831217 0.413050628096651
0.903764328594082 0.69429808384781
0.539709787366387 0.462475575496434
0.0285686569002067 0.180477471200608
0.538965978854181 0.331739195493657
0.0101630498354096 0.920666764796736
0.00876097693219469 0.418096374760392
0.994412291787788 0.875701791004013
0.032065248555735 0.082385877127448
0.496071968722213 0.609172756232467
0.104735713330859 0.383435676601511
0.646514197644355 0.00990165718420233
0.910840721402142 0.93209157354905
0.309939359018754 0.57527387806759
0.657405934803339 0.380989596947826
0.436757053985544 0.183913392018649
0.69221188905761 0.184338359223283
0.628608195301284 0.609984188076836
0.504704380091134 0.179569202030838
0.685768321727826 0.576927888397041
0.500028612941695 0.0705755869757462
0.968432239022401 0.0604959115351708
0.668970444757905 0.863537197098619
0.819875842547865 0.0570310111183073
0.0742175342940343 0.356990259614487
0.197600142934137 0.606645414351552
0.131201457626016 0.950522956005327
0.233277763985151 0.240092865587962
0.525233574838582 0.32083442413444
0.357953853584303 0.120611172548354
0.378908734081792 0.747808943896765
0.703384828022756 0.17613649906202
0.0212892520392941 0.675182804346314
0.512526337296488 0.397474508633121
0.59099282445476 0.705889413240731
0.457143673851108 0.347296220097414
0.142408892620031 0.421963179841477
0.865285303338245 0.0548403376829292
0.577792397713405 0.134793643225678
0.977119900745446 0.659881603928825
0.929901116563673 0.414683511773413
0.956902665001226 0.779112354113475
0.67798468528722 0.198512576515816
0.147786938015635 0.312124267101263
0.757762386597745 0.428457213373739
0.417275894078315 0.286798713313
0.0480910245882766 0.649982800437424
0.672110031535005 0.635161275717446
0.307923477275716 0.546000879379368
0.626072675966991 0.00485348496305238
0.355897344538695 0.922979681881694
0.901611119585065 0.489516942006591
0.120256542860471 0.605368046507886
0.622744722801797 0.835224456614089
0.426836371386583 0.204912366297221
0.569255445521653 0.644202111469869
0.741141725332794 0.0630410324204859
0.521103317188858 0.755966218528445
0.582552495119147 0.463124683690031
0.180714348528314 0.0697663836824191
0.744890748989942 0.386967849571771
0.473279723817824 0.765877391757404
0.502324596664319 0.455294871898996
0.157003857340418 0.642703533061804
0.0890637701855171 0.734238749903288
0.425249225333962 0.00540723858949999
0.678273300505336 0.469910151686617
0.293588914190475 0.712455891889376
0.447197674966954 0.449621151764423
0.787363900284588 0.0475245401967416
0.0399582853926791 0.637950390813806
0.863730532521015 0.86683972657479
0.0599928298448466 0.781558148724393
0.111935524540919 0.840221989954479
0.313812971578079 0.735513264421061
0.00084746348989595 0.198958107926087
0.0427127491355972 0.445432487353673
0.785898229788672 0.80162852683844
0.285205710338999 0.297587310695183
0.543343940441794 0.364472772982234
0.11696694036988 0.681536428763843
0.685377670570808 0.581386837941425
0.556584677885745 0.631166588064064
0.299845491909374 0.836940359354862
0.528101956549263 0.543632898132156
0.880187221763094 0.765429902335011
0.269488743431755 0.583510990064281
0.998863436817962 0.749748699819148
0.99614924526484 0.932373224628466
0.707069788951307 0.742332538426924
0.190091893215263 0.856417987638185
0.792149878763806 0.428574633752192
0.952845640774215 0.00898533501444754
0.898021638916935 0.846545584328853
0.916261094078285 0.559722419824477
0.0370178763698504 0.393098013608016
0.216264712034291 0.522867504685483
0.714496952956477 0.37680015969586
0.754248975252173 0.15286996000242
0.598986392520031 0.131320077594158
0.0783777134373963 0.312818251211678
0.205196392001818 0.430098520134987
0.639725731739458 0.979122992823785
0.917024561721039 0.950573730076474
0.383856005749283 0.429863288524128
0.405647760700065 0.00654638227741078
0.0618300356239982 0.995058936729391
0.261425719994089 0.258322257678127
0.32517409052426 0.715254548496013
0.756341856374962 0.312586483240908
0.638265855202995 0.350235309753804
0.317792605433582 0.326983619703826
0.524737637277749 0.4702083112127
0.132595727303518 0.753904936543522
0.408199537647364 0.286645529017853
0.220367492658987 0.731146894290861
0.582478303072987 0.887997151035662
0.611636237145777 0.918776292629749
0.556824668720559 0.535170946218655
0.304219632417928 0.778872672334425
0.866980494113161 0.379350719774937
0.752016730943527 0.544294314675184
0.594853850887819 0.138005136276318
0.982013041372674 0.802454060169653
0.652026041571695 0.34245154920175
0.515311242828758 0.160513066980926
0.163445144784816 0.812455209229064
0.661335553489645 0.56475834182672
0.75466327349956 0.840691919240181
0.372478932450372 0.110333499105955
0.630512089680291 0.633727134788714
0.987254516050473 0.378078240957597
0.0945193740832581 0.387249163009028
0.514880751893324 0.341557734614871
0.0678521310426096 0.796251242777197
0.772573149533189 0.763664547325882
0.496076990125652 0.270087997900548
0.397565069527681 0.336689477693452
0.954988876199576 0.790653532303786
0.81446002729903 0.351437282109233
0.557309559738821 0.23395771569609
0.466619827412808 0.431227421506531
0.949017865943509 0.782095568802052
0.350229809448632 0.558471839442045
0.3322681516983 0.488464509886914
0.784000955069815 0.467340957660717
0.669639283956075 0.371298739003353
0.62869979624401 0.490491801116835
0.422114643105287 0.312646734674347
0.113336601718076 0.934975106486204
0.0333587414287674 0.0502841151704367
0.0143390121487774 0.721793091379929
0.653829274018863 0.00980186536761674
0.75980603309928 0.991793876107369
0.103260256922991 0.211591512702434
0.218981436418124 0.0329061327288865
0.240174047629033 0.240282806283522
0.960316754855861 0.658263504190167
0.997905316812067 0.0478610194730037
0.940892883491763 0.970400810169467
0.512439276360317 0.417793119677462
0.412166853196843 0.319736452568804
0.0939221440499304 0.909632924288112
0.406082779905284 0.885676008798888
0.87482377393046 0.926397573186189
0.25637212958398 0.384304271832251
0.0353080554486191 0.728941787168273
0.646934622540604 0.803687572975178
0.238823941619335 0.414921414206421
0.749547782352999 0.0609416568560306
0.678870325329066 0.483198456014903
0.447657270359436 0.418789612537541
0.968341297669848 0.429670330985965
0.0702250725045457 0.461962110048236
0.111766299013874 0.178488742793136
0.49302361887339 0.148006574849458
0.866308929650261 0.493923795921846
0.887044218914671 0.30169736023705
0.880167989109799 0.996836561785489
0.962613612454744 0.0170666609303046
0.596840302747682 0.638011938415883
0.748928112355372 0.619864005680204
0.310457985269479 0.697890455274462
0.445272076186498 0.941946197589728
0.369809519423925 0.130618701044627
0.522078888774318 0.0868087175951117
0.0614418261382744 0.389292502655565
0.963842529172867 0.139793361186411
0.856301544959574 0.552768250032859
0.69793246879086 0.556616823823264
0.612985196739737 0.816106516373426
0.701324157046251 0.56350704892328
0.179041680761158 0.00134158516519989
0.145663582516159 0.34344616429033
0.288209841939531 0.18893199861674
0.654456578309405 0.662286950309461
0.384241333334887 0.405914753015659
0.342207806972737 0.598380891318499
0.965897434927989 0.643572230964296
0.82179065839774 0.635396305779343
0.483775843929468 0.643744155488745
0.272935547269539 0.777187311148301
0.144618127137238 0.516103749925384
0.320184345170824 0.414070959903316
0.809041559369491 0.682169887245101
0.846468897804767 0.976880580428108
0.467057770497358 0.338288551089008
0.481255787653064 0.433103342655989
0.604218388438802 0.0563567516535484
0.0630716967861865 0.601313697968821
0.24980422630863 0.881075115129699
0.0317355905918512 0.256771363077408
0.415228838723525 0.618328496893965
0.292954836311323 0.586590040446854
0.244923687135047 0.804382076109535
0.439252202804258 0.467295849119911
0.55547375211588 0.995802790298614
0.299495603797453 0.106699037351094
0.2465860154652 0.614419338036205
0.911345392058009 0.179023727379793
0.58058158468408 0.140976581002453
0.494037652809382 0.213822445936943
0.229324475913267 0.472561710806503
0.317815924991683 0.999770903530061
0.132409339434304 0.843938536497948
0.845213363182365 0.639151154802191
0.314302899354228 0.0410175842327873
0.602972184052384 0.719886393084728
0.958098813984881 0.238565156544723
0.320619125462435 0.109567296120856
0.770018367246763 0.131183518350118
0.770554959518193 0.00278331621335093
0.721904345023143 0.697778419450851
0.831143183263441 0.60679639600024
0.411753718404352 0.885549815524511
0.228210646823648 0.51153964638192
0.835380848828706 0.78270728094848
0.506971418726795 0.683404948381007
0.962229419927477 0.790830524684215
0.864649183203201 0.89933932019196
0.383921570529986 0.0272353376675324
0.854841467089907 0.186130130408106
0.0499450211939327 0.276143347003805
0.111936365296574 0.29561115674107
0.0863794911915722 0.101761333221356
0.485841430538619 0.258379247004476
0.0751873880021643 0.893980448968568
0.235034398983973 0.214534296364753
0.00314272882707389 0.98210054753076
0.398052274398398 0.365939653558343
0.983315504329814 0.819300836376926
0.211126628661423 0.455254143771029
0.851299916089211 0.846504622131931
0.412089258818733 0.392241279479332
0.920428239696399 0.0748360465705935
0.756389760348694 0.162817975738416
0.206679985504362 0.0192911556446385
0.74591112562538 0.586911086488783
0.109929498630703 0.581286924587546
0.850908413165733 0.917097189082922
0.391050415873582 0.376096221558947
0.257836613454956 0.36633924891369
0.139325346802917 0.829471549560816
0.41002178115319 0.903360585579857
0.809610806255421 0.116669791108963
0.65366328763572 0.403430876532364
0.464091204830674 0.789547586126398
0.109227186632667 0.45718040738022
0.745667811104584 0.144307186082042
0.693690082980675 0.10044670451241
0.0265463784870228 0.352988040758731
0.393914496612776 0.115997176186592
0.0580826081577951 0.186209934556813
0.0613973564981007 0.211252261943525
